255 255 255 255 255 255 255 255 255 255 255 255 255 255 255 255
255  73  40  40  40  60 255 208 208 114  60  40  40  40  73 255
255  40 213 151 206  24  88 199 118 156  24 206 151 213  40 255
255  40 151   0 135  24 250 253 247  93  24 135   0 151  40 255
255  40 206 135 199  24  88   0 106 177  24 199 135 206  40 255
255  60  24  24  24  46  88 204 204 103  46  24  24  24  60 255
255 114 156  93 255  88 140 219  88 145 103  88 250  88 255 255
255 208 232 253 255 199 199  44  44 255 204 132   6 114  40 255
255  40 151  54  56 199  68 156 156  56   5  26   6 232  40 255
255 255 156  93 255  88  30 150  88 225  16 130 252 120 181 255
255  60  24  24  24  46  88  56  74  95  22  11  30 108 235 255
255  40 206 135 199  24 255 229 229 135  13 120 139 104 255 255
255  40 151   0 135  24  93  56 249 167   0   0  15 105  40 255
255  40 213 151 206  24 156 141  23 120 151  80 252 213 168 255
255  73  40  40  40  60 114  87 255 181 235 154  47 127 255 255
255 255 255 254 255 255 255 255 255 255 255 255 255 255 255 254
255 255 255 255 255 255 255 254 255 255 255 255 255 255 255 255
255  73  40  40  40  60 255 208 208 114  60  40  40  40  73 255
255  40 213 151 206  24  88 199 118 156  24 206 151 213  40 255
255  40 151   1 135  24 250 253 247  93  24 135   0 151  40 254
255  40 206 135 199  24  88   0 106 177  24 199 135 206  40 255
255  60  24  24  24  46  88 204 204 103  46  24  24  24  60 255
255 114 156  93 255  88 140 218  88 145 103  88 250  88 255 255
255 208 232 253 255 199 199  44  44 255 204 132   6 114  40 254
255  40 151  54  56 199  68 156 156  56   5  26   6 232  40 255
255 255 156  93 255  88  30 150  88 225  16 130 252 120 181 254
255  60  24  24  24  46  88  56  74  95  22  11  30 108 235 255
255  40 206 135 199  24 255 229 229 135  13 120 139 104 255 255
255  40 151   0 135  24  93  56 249 167   0   0  15 105  40 254
255  40 213 151 206  24 156 141  23 120 151  80 252 213 168 255
255  73  40  40  40  60 114  87 255 181 235 154  47 127 255 255
255 255 255 254 255 255 255 255 255 255 255 255 255 255 255 255
255 255 255 255 255 255 255 254 255 255 255 255 255 255 255 255
255  73  40  40  40  60 255 208 208 114  60  40  40  40  73 255
255  40 213 151 206  24  88 199 118 156  24 206 151 213  40 255
255  40 151   0 135  24 250 253 247  93  24 135   0 151  40 254
255  40 206 135 199  24  88   0 106 177  24 199 135 206  40 255
255  60  24  24  24  46  88 204 204 103  46  24  24  24  60 255
255 114 156  93 255  88 140 218  88 145 103  88 250  88 255 255
255 208 232 253 255 199 199  44  44 255 204 132   6 114  40 254
255  40 151  54  56 199  68 156 156  56   5  26   6 232  40 255
255 255 156  93 255  88  30 150  88 225  16 130 252 120 181 254
255  60  24  24  24  46  88  56  74  95  22  11  30 108 235 255
255  40 206 135 199  24 255 229 229 135  13 120 139 104 255 255
255  40 151   0 135  24  93  56 249 167   0   0  15 105  40 255
255  40 213 151 206  24 156 141  23 120 151  80 252 213 168 255
255  73  40  40  40  60 114  87 255 181 235 154  47 127 255 255
255 255 255 254 255 255 255 255 255 255 255 255 255 255 255 255

255 255 255 255 255 255 255 255 255 255 255 255 255 255 255 255
255  73  40  40  40  60 255  40  40 181 235 255  40 168 255 255
255  40 213 151 206  24  88 114 232 120 108 104 105 213 127 255
255  40 151   0 135  24 250   6   6 252  30 139  15 252  47 255
255  40 206 135 199  24  88 132  26 130  11 120   0  80 154 255
255  60  24  24  24  46 103 204   5  16  22  13   0 151 235 255
255 114 156  93 177 103 145 254  56 225  95 135 167 120 181 255
255 208 118 247 106 204  88  44 156  88  74 229 249  23 255 255
255 208 199 253   0 204 218  44 156 150  56 229  56 141  87 255
255 255  88 250  88  88 140 199  68  30  88 255  93 156 114 255
255  60  24  24  24  46  88 199 199  88  46  24  24  24  60 255
255  40 206 135 199  24 255 255  56 255  24 199 135 206  40 255
255  40 151   0 135  24  93 253  54  93  24 135   0 151  40 255
255  40 213 151 206  24 156 232 151 156  24 206 151 213  40 255
255  73  40  40  40  60 114 208  40 255  60  40  40  40  73 255
255 255 255 254 255 255 255 255 255 255 255 255 255 255 255 254
255 255 255 255 255 255 255 254 255 255 255 255 255 255 255 255
255  73  40  40  40  60 255  40  40 181 235 255  40 168 255 255
255  40 213 151 206  24  88 114 232 120 108 104 105 213 127 255
255  40 151   1 135  24 250   6   6 252  30 139  15 252  47 254
255  40 206 135 199  24  88 132  26 130  11 120   0  80 154 255
255  60  24  24  24  46 103 204   5  16  22  13   0 151 235 255
255 114 156  93 177 103 145 255  56 225  95 135 167 120 181 255
255 208 118 247 106 204  88  44 156  88  74 229 249  23 255 254
255 208 199 253   0 204 218  44 156 150  56 229  56 141  87 255
255 255  88 250  88  88 140 199  68  30  88 255  93 156 114 254
255  60  24  24  24  46  88 199 199  88  46  24  24  24  60 255
255  40 206 135 199  24 255 255  56 255  24 199 135 206  40 255
255  40 151   0 135  24  93 253  54  93  24 135   0 151  40 254
255  40 213 151 206  24 156 232 151 156  24 206 151 213  40 255
255  73  40  40  40  60 114 208  40 255  60  40  40  40  73 255
255 255 255 254 255 255 255 255 255 255 255 255 255 255 255 255
255 255 255 255 255 255 255 254 255 255 255 255 255 255 255 255
255  73  40  40  40  60 255  40  40 181 235 255  40 168 255 255
255  40 213 151 206  24  88 114 232 120 108 104 105 213 127 255
255  40 151   0 135  24 250   6   6 252  30 139  15 252  47 254
255  40 206 135 199  24  88 132  26 130  11 120   0  80 154 255
255  60  24  24  24  46 103 204   5  16  22  13   0 151 235 255
255 114 156  93 177 103 145 255  56 225  95 135 167 120 181 255
255 208 118 247 106 204  88  44 156  88  74 229 249  23 255 254
255 208 199 253   0 204 218  44 156 150  56 229  56 141  87 255
255 255  88 250  88  88 140 199  68  30  88 255  93 156 114 254
255  60  24  24  24  46  88 199 199  88  46  24  24  24  60 255
255  40 206 135 199  24 255 255  56 255  24 199 135 206  40 255
255  40 151   0 135  24  93 253  54  93  24 135   0 151  40 255
255  40 213 151 206  24 156 232 151 156  24 206 151 213  40 255
255  73  40  40  40  60 114 208  40 255  60  40  40  40  73 255
255 255 255 254 255 255 255 255 255 255 255 255 255 255 255 255

255 255 255 255 255 255 255 255 255 255 255 255 255 255 255 255
255 255 127  47 154 235 181 255  87 114  60  40  40  40  73 255
255 168 213 252  80 151 120  23 141 156  24 206 151 213  40 255
255  40 105  15   0   0 167 249  56  93  24 135   0 151  40 255
255 255 104 139 120  13 135 229 229 255  24 199 135 206  40 255
255 235 108  30  11  22  95  74  56  88  46  24  24  24  60 255
255 181 120 252 130  16 225  89 150  30  88 255  93 156 255 255
255  40 232   6  26   5  56 156 156  68 199  56  54 151  40 255
255  40 114   6 132 204 255  44  44 199 199 255 253 232 208 255
255 255  88 250  88 103 145  88 218 140  88 255  93 156 114 255
255  60  24  24  24  46 103 204 204  88  46  24  24  24  60 255
255  40 206 135 199  24 177 106   0  88  24 199 135 206  40 255
255  40 151   0 135  24  93 247 253 250  24 135   0 151  40 255
255  40 213 151 206  24 156 118 199  88  24 206 151 213  40 255
255  73  40  40  40  60 114 208 208 255  60  40  40  40  73 255
255 255 255 254 255 255 255 255 255 255 255 255 255 255 255 254
255 255 255 255 255 255 255 254 255 255 255 255 255 255 255 255
255 255 127  47 154 235 181 255  87 114  60  40  40  40  73 255
255 168 213 252  80 151 120  23 141 156  24 206 151 213  40 255
255  40 105  14   0   0 167 249  56  93  24 135   0 151  40 254
255 255 104 139 120  13 135 229 229 255  24 199 135 206  40 255
255 235 108  30  11  22  95  74  56  88  46  24  24  24  60 255
255 181 120 252 130  16 225  88 150  30  88 255  93 156 255 255
255  40 232   6  26   5  56 156 156  68 199  56  54 151  40 254
255  40 114   6 132 204 255  44  44 199 199 255 253 232 208 255
255 255  88 250  88 103 145  88 218 140  88 255  93 156 114 254
255  60  24  24  24  46 103 204 204  88  46  24  24  24  60 255
255  40 206 135 199  24 177 106   0  88  24 199 135 206  40 255
255  40 151   0 135  24  93 247 253 250  24 135   0 151  40 254
255  40 213 151 206  24 156 118 199  88  24 206 151 213  40 255
255  73  40  40  40  60 114 208 208 255  60  40  40  40  73 255
255 255 255 254 255 255 255 255 255 255 255 255 255 255 255 255
255 255 255 255 255 255 255 254 255 255 255 255 255 255 255 255
255 255 127  47 154 235 181 255  87 114  60  40  40  40  73 255
255 168 213 252  80 151 120  23 141 156  24 206 151 213  40 255
255  40 105  15   0   0 167 249  56  93  24 135   0 151  40 254
255 255 104 139 120  13 135 229 229 255  24 199 135 206  40 255
255 235 108  30  11  22  95  74  56  88  46  24  24  24  60 255
255 181 120 252 130  16 225  88 150  30  88 255  93 156 255 255
255  40 232   6  26   5  56 156 156  68 199  56  54 151  40 254
255  40 114   6 132 204 255  44  44 199 199 255 253 232 208 255
255 255  88 250  88 103 145  88 218 140  88 255  93 156 114 254
255  60  24  24  24  46 103 204 204  88  46  24  24  24  60 255
255  40 206 135 199  24 177 106   0  88  24 199 135 206  40 255
255  40 151   0 135  24  93 247 253 250  24 135   0 151  40 255
255  40 213 151 206  24 156 118 199  88  24 206 151 213  40 255
255  73  40  40  40  60 114 208 208 255  60  40  40  40  73 255
255 255 255 254 255 255 255 255 255 255 255 255 255 255 255 255

255 255 255 255 255 255 255 255 255 255 255 255 255 255 255 255
255  73  40  40  40  60 255  40 208 114  60  40  40  40  73 255
255  40 213 151 206  24 156 151 232 156  24 206 151 213  40 255
255  40 151   0 135  24  93  54 253  93  24 135   0 151  40 255
255  40 206 135 199  24 255  56 255 255  24 199 135 206  40 255
255  60  24  24  24  46  88 199 199  88  46  24  24  24  60 255
255 114 156  93 255  88  30  69 199 140  88  88 250  88 255 255
255  87 141  56 229  56 150 156  44 218 204   0 253 199 208 255
255 255  23 249 229  74  88 156  44  88 204 106 247 118 208 255
255 181 120 167 135  95 225  56 255 145 103 177  93 156 114 255
255 235 151   0  13  22  16   5 204 103  46  24  24  24  60 255
255 154  80   0 120  11 130  26 132  88  24 199 135 206  40 255
255  47 252  15 139  30 252   6   6 250  24 135   0 151  40 255
255 127 213 105 104 108 120 232 114  88  24 206 151 213  40 255
255 255 168  40 255 235 181  40  40 255  60  40  40  40  73 255
255 255 255 254 255 255 255 255 255 255 255 255 255 255 255 254
255 255 255 255 255 255 255 254 255 255 255 255 255 255 255 255
255  73  40  40  40  60 255  40 208 114  60  40  40  40  73 255
255  40 213 151 206  24 156 151 232 156  24 206 151 213  40 255
255  40 151   1 135  24  93  54 253  93  24 135   0 151  40 254
255  40 206 135 199  24 255  56 255 255  24 199 135 206  40 255
255  60  24  24  24  46  88 199 199  88  46  24  24  24  60 255
255 114 156  93 255  88  30  68 199 140  88  88 250  88 255 255
255  87 141  56 229  56 150 156  44 218 204   0 253 199 208 254
255 255  23 249 229  74  88 156  44  88 204 106 247 118 208 255
255 181 120 167 135  95 225  56 255 145 103 177  93 156 114 254
255 235 151   0  13  22  16   5 204 103  46  24  24  24  60 255
255 154  80   0 120  11 130  26 132  88  24 199 135 206  40 255
255  47 252  15 139  30 252   6   6 250  24 135   0 151  40 254
255 127 213 105 104 108 120 232 114  88  24 206 151 213  40 255
255 255 168  40 255 235 181  40  40 255  60  40  40  40  73 255
255 255 255 254 255 255 255 255 255 255 255 255 255 255 255 255
255 255 255 255 255 255 255 254 255 255 255 255 255 255 255 255
255  73  40  40  40  60 255  40 208 114  60  40  40  40  73 255
255  40 213 151 206  24 156 151 232 156  24 206 151 213  40 255
255  40 151   0 135  24  93  54 253  93  24 135   0 151  40 254
255  40 206 135 199  24 255  56 255 255  24 199 135 206  40 255
255  60  24  24  24  46  88 199 199  88  46  24  24  24  60 255
255 114 156  93 255  88  30  68 199 140  88  88 250  88 255 255
255  87 141  56 229  56 150 156  44 218 204   0 253 199 208 254
255 255  23 249 229  74  88 156  44  88 204 106 247 118 208 255
255 181 120 167 135  95 225  56 255 145 103 177  93 156 114 254
255 235 151   0  13  22  16   5 204 103  46  24  24  24  60 255
255 154  80   0 120  11 130  26 132  88  24 199 135 206  40 255
255  47 252  15 139  30 252   6   6 250  24 135   0 151  40 255
255 127 213 105 104 108 120 232 114  88  24 206 151 213  40 255
255 255 168  40 255 235 181  40  40 255  60  40  40  40  73 255
255 255 255 254 255 255 255 255 255 255 255 255 255 255 255 255
